865 328
257 875
994 82
82 965
965 994
955 994
76 771
75 771
161 221
833 232
232 832
185 585
584 185
304 910
856 613
653 978
138 655
655 139
949 222
825 0
960 980
904 960
945 816
998 24
830 998
998 513
513 25
25 998
85 796
82 520
983 140
140 982
927 984
984 140
520 540
868 603
94 869
760 503
689 974
728 908
923 807
993 928
929 993
358 878
99 21
982 984
984 42
42 982
641 973
490 641
950 505
505 367
367 950
755 778
80 135
121 674
674 137
817 168
624 564
698 11
796 911
819 18
187 788
837 249
837 278
277 837
582 777
246 910
950 892
811 560
560 981
178 975
286 893
964 660
660 717
901 513
515 901
902 515
254 453
376 864
864 285
594 147
199 814
862 918
600 942
942 151
803 209
209 989
576 209
823 457
795 135
967 135
573 177
685 153
152 685
525 493
863 508
509 863
863 864
376 863
385 959
462 874
434 751
888 434
150 298
568 611
742 568
905 882
882 432
608 884
229 608
899 503
760 899
899 637
997 500
208 997
270 675
465 715
759 465
62 8
7 447
654 7
664 499
391 460
855 391
715 68
67 715
969 592
170 898
13 934
91 38
455 548
92 455
954 995
995 955
875 720
116 824
824 88
810 88
798 946
743 851
663 851
743 663
237 999
999 849
849 237
970 30
482 547
410 232
568 709
709 127
709 742
854 508
153 686
857 472
472 985
474 985
707 216
276 723
468 658
658 964
659 468
575 210
174 152
993 174
837 939
277 249
243 502
142 612
836 981
981 811
891 818
602 307
520 954
792 717
717 790
790 992
312 283
368 312
999 47
892 778
586 171
457 562
480 830
743 51
274 687
51 929
929 398
638 469
120 202
395 120
956 899
812 64
983 327
942 425
68 220
490 731
793 709
474 450
860 961
109 969
427 976
799 427
215 578
201 611
958 673
821 860
860 536
536 821
15 694
692 15
774 364
976 596
273 976
568 682
789 886
956 466
545 277
843 212
928 962
968 747
746 896
896 910
910 746
89 810
977 301
389 544
389 277
545 389
992 534
73 947
72 947
375 820
972 820
429 775
671 429
879 383
464 279
111 572
111 570
917 702
94 924
975 94
548 481
836 116
116 804
492 772
860 971
972 821
586 30
575 348
211 575
791 489
489 792
875 842
315 613
149 424
622 280
716 219
380 501
380 193
522 380
244 408
980 244
880 917
744 0
785 178
785 94
975 785
992 219
716 992
821 971
966 939
569 126
772 428
428 356
987 239
239 921
374 310
121 651
865 699
989 570
382 996
977 354
734 404
838 438
152 573
39 951
547 410
179 285
633 696
949 607
341 599
948 72
381 227
674 958
435 905
624 894
830 513
212 523
968 746
