0 : 0 ; 1
1 : 1 ; 2
2 : 2 ; 0
3 : 3 ; 4
4 : 4 ; 5
5 : 5 ; 3
6 : 6 ; 7
7 : 7 ; 8
8 : 8 ; 6
9 : 9 ; 10
10 : 10 ; 11
11 : 11 ; 9
12 : 12 ; 13
13 : 13 ; 14
14 : 14 ; 12
15 : 15 ; 16
16 : 16 ; 17
17 : 17 ; 15
18 : 18 ; 19
19 : 19 ; 20
20 : 20 ; 18
21 : 21 ; 22
22 : 22 ; 23
23 : 23 ; 21
24 : 24 ; 25
25 : 25 ; 26
26 : 26 ; 24
27 : 27 ; 28
28 : 28 ; 29
29 : 29 ; 27
30 : 30 ; 20
31 : 20 ; 31
32 : 31 ; 30
33 : 32 ; 33
34 : 33 ; 34
35 : 34 ; 32
36 : 35 ; 36
37 : 36 ; 37
38 : 37 ; 35
39 : 38 ; 39
40 : 39 ; 40
41 : 40 ; 38
42 : 41 ; 42
43 : 42 ; 43
44 : 43 ; 41
45 : 44 ; 45
46 : 45 ; 46
47 : 46 ; 44
48 : 47 ; 48
49 : 48 ; 49
50 : 49 ; 47
51 : 50 ; 51
52 : 51 ; 52
53 : 52 ; 50
54 : 16 ; 53
55 : 53 ; 54
56 : 54 ; 16
57 : 55 ; 56
58 : 56 ; 57
59 : 57 ; 55
60 : 58 ; 59
61 : 59 ; 60
62 : 60 ; 58
63 : 61 ; 62
64 : 62 ; 7
65 : 7 ; 61
66 : 63 ; 64
67 : 64 ; 65
68 : 65 ; 63
69 : 66 ; 67
70 : 67 ; 68
71 : 68 ; 66
72 : 69 ; 70
73 : 70 ; 71
74 : 71 ; 69
75 : 72 ; 73
76 : 73 ; 74
77 : 74 ; 72
78 : 75 ; 76
79 : 76 ; 77
80 : 77 ; 75
81 : 78 ; 79
82 : 79 ; 80
83 : 80 ; 78
84 : 20 ; 81
85 : 81 ; 31
86 : 82 ; 83
87 : 83 ; 84
88 : 84 ; 82
89 : 85 ; 86
90 : 86 ; 87
91 : 87 ; 85
92 : 88 ; 89
93 : 89 ; 90
94 : 90 ; 88
95 : 91 ; 92
96 : 92 ; 93
97 : 93 ; 91
98 : 94 ; 95
99 : 95 ; 96
100 : 96 ; 94
101 : 97 ; 98
102 : 98 ; 99
103 : 99 ; 97
104 : 100 ; 101
105 : 101 ; 102
106 : 102 ; 100
107 : 81 ; 103
108 : 103 ; 31
109 : 104 ; 105
110 : 105 ; 106
111 : 106 ; 104
112 : 107 ; 108
113 : 108 ; 109
114 : 109 ; 107
115 : 110 ; 111
116 : 111 ; 37
117 : 37 ; 110
118 : 112 ; 113
119 : 113 ; 29
120 : 29 ; 112
121 : 114 ; 115
122 : 115 ; 116
123 : 116 ; 114
124 : 117 ; 118
125 : 118 ; 119
126 : 119 ; 117
127 : 120 ; 121
128 : 121 ; 122
129 : 122 ; 120
130 : 123 ; 124
131 : 124 ; 125
132 : 125 ; 123
133 : 126 ; 127
134 : 127 ; 128
135 : 128 ; 126
136 : 129 ; 130
137 : 130 ; 131
138 : 131 ; 129
139 : 132 ; 133
140 : 133 ; 134
141 : 134 ; 132
142 : 135 ; 136
143 : 136 ; 137
144 : 137 ; 135
145 : 138 ; 139
146 : 139 ; 140
147 : 140 ; 138
148 : 141 ; 142
149 : 142 ; 143
150 : 143 ; 141
151 : 144 ; 145
152 : 145 ; 146
153 : 146 ; 144
154 : 147 ; 148
155 : 148 ; 149
156 : 149 ; 147
157 : 150 ; 151
158 : 151 ; 48
159 : 48 ; 150
160 : 152 ; 153
161 : 153 ; 111
162 : 111 ; 152
163 : 154 ; 155
164 : 155 ; 156
165 : 156 ; 154
166 : 157 ; 115
167 : 115 ; 158
168 : 158 ; 157
169 : 159 ; 160
170 : 160 ; 161
171 : 161 ; 159
172 : 162 ; 163
173 : 163 ; 164
174 : 164 ; 162
175 : 165 ; 166
176 : 166 ; 167
177 : 167 ; 165
178 : 168 ; 169
179 : 169 ; 170
180 : 170 ; 168
181 : 171 ; 172
182 : 172 ; 173
183 : 173 ; 171
184 : 174 ; 110
185 : 37 ; 174
186 : 175 ; 176
187 : 176 ; 177
188 : 177 ; 175
189 : 178 ; 179
190 : 179 ; 173
191 : 173 ; 178
192 : 180 ; 181
193 : 181 ; 11
194 : 11 ; 180
195 : 182 ; 124
196 : 123 ; 182
197 : 183 ; 60
198 : 60 ; 184
199 : 184 ; 183
200 : 185 ; 186
201 : 186 ; 187
202 : 187 ; 185
203 : 188 ; 189
204 : 189 ; 190
205 : 190 ; 188
206 : 191 ; 192
207 : 192 ; 193
208 : 193 ; 191
209 : 194 ; 143
210 : 143 ; 195
211 : 195 ; 194
212 : 196 ; 197
213 : 197 ; 198
214 : 198 ; 196
215 : 199 ; 200
216 : 200 ; 201
217 : 201 ; 199
218 : 202 ; 122
219 : 122 ; 203
220 : 203 ; 202
221 : 126 ; 204
222 : 204 ; 205
223 : 205 ; 126
224 : 206 ; 142
225 : 142 ; 207
226 : 207 ; 206
227 : 208 ; 209
228 : 209 ; 191
229 : 191 ; 208
230 : 210 ; 211
231 : 211 ; 192
232 : 192 ; 210
233 : 117 ; 212
234 : 212 ; 213
235 : 213 ; 117
236 : 214 ; 215
237 : 215 ; 27
238 : 27 ; 214
239 : 216 ; 217
240 : 217 ; 218
241 : 218 ; 216
242 : 219 ; 66
243 : 66 ; 220
244 : 220 ; 219
245 : 221 ; 222
246 : 222 ; 223
247 : 223 ; 221
248 : 224 ; 225
249 : 225 ; 226
250 : 226 ; 224
251 : 227 ; 228
252 : 228 ; 229
253 : 229 ; 227
254 : 230 ; 231
255 : 231 ; 232
256 : 232 ; 230
257 : 233 ; 234
258 : 234 ; 235
259 : 235 ; 233
260 : 236 ; 235
261 : 234 ; 236
262 : 237 ; 238
263 : 238 ; 239
264 : 239 ; 237
265 : 240 ; 241
266 : 241 ; 213
267 : 213 ; 240
268 : 242 ; 229
269 : 229 ; 243
270 : 243 ; 242
271 : 244 ; 245
272 : 245 ; 46
273 : 46 ; 244
274 : 246 ; 247
275 : 247 ; 248
276 : 248 ; 246
277 : 249 ; 250
278 : 250 ; 251
279 : 251 ; 249
280 : 252 ; 253
281 : 253 ; 254
282 : 254 ; 252
283 : 255 ; 256
284 : 256 ; 257
285 : 257 ; 255
286 : 258 ; 259
287 : 259 ; 257
288 : 257 ; 258
289 : 260 ; 49
290 : 49 ; 151
291 : 151 ; 260
292 : 261 ; 262
293 : 262 ; 263
294 : 263 ; 261
295 : 264 ; 265
296 : 265 ; 54
297 : 54 ; 264
298 : 266 ; 267
299 : 267 ; 268
300 : 268 ; 266
301 : 269 ; 270
302 : 270 ; 271
303 : 271 ; 269
304 : 272 ; 273
305 : 273 ; 274
306 : 274 ; 272
307 : 8 ; 275
308 : 275 ; 6
309 : 186 ; 17
310 : 17 ; 275
311 : 275 ; 186
312 : 276 ; 277
313 : 277 ; 278
314 : 278 ; 276
315 : 279 ; 280
316 : 280 ; 281
317 : 281 ; 279
318 : 282 ; 283
319 : 283 ; 284
320 : 284 ; 282
321 : 285 ; 286
322 : 286 ; 287
323 : 287 ; 285
324 : 288 ; 289
325 : 289 ; 290
326 : 290 ; 288
327 : 164 ; 291
328 : 291 ; 292
329 : 292 ; 164
330 : 293 ; 294
331 : 294 ; 65
332 : 65 ; 293
333 : 39 ; 295
334 : 295 ; 40
335 : 296 ; 297
336 : 297 ; 298
337 : 298 ; 296
338 : 84 ; 299
339 : 299 ; 82
340 : 143 ; 300
341 : 300 ; 195
342 : 301 ; 302
343 : 302 ; 303
344 : 303 ; 301
345 : 304 ; 305
346 : 305 ; 247
347 : 247 ; 304
348 : 161 ; 306
349 : 306 ; 159
350 : 307 ; 248
351 : 248 ; 308
352 : 308 ; 307
353 : 308 ; 309
354 : 309 ; 307
355 : 310 ; 311
356 : 311 ; 181
357 : 181 ; 310
358 : 312 ; 313
359 : 313 ; 284
360 : 284 ; 312
361 : 196 ; 314
362 : 314 ; 197
363 : 315 ; 316
364 : 316 ; 317
365 : 317 ; 315
366 : 17 ; 318
367 : 318 ; 15
368 : 319 ; 320
369 : 320 ; 321
370 : 321 ; 319
371 : 186 ; 318
372 : 322 ; 323
373 : 323 ; 324
374 : 324 ; 322
375 : 325 ; 326
376 : 326 ; 265
377 : 265 ; 325
378 : 327 ; 328
379 : 328 ; 329
380 : 329 ; 327
381 : 330 ; 331
382 : 331 ; 297
383 : 297 ; 330
384 : 332 ; 333
385 : 333 ; 334
386 : 334 ; 332
387 : 335 ; 336
388 : 336 ; 167
389 : 167 ; 335
390 : 337 ; 338
391 : 338 ; 34
392 : 34 ; 337
393 : 339 ; 77
394 : 76 ; 339
395 : 340 ; 341
396 : 341 ; 342
397 : 342 ; 340
398 : 297 ; 343
399 : 343 ; 87
400 : 87 ; 297
401 : 88 ; 114
402 : 116 ; 88
403 : 344 ; 129
404 : 129 ; 345
405 : 345 ; 344
406 : 264 ; 325
407 : 59 ; 346
408 : 346 ; 60
409 : 347 ; 348
410 : 348 ; 349
411 : 349 ; 347
412 : 350 ; 133
413 : 132 ; 350
414 : 351 ; 352
415 : 352 ; 353
416 : 353 ; 351
417 : 354 ; 355
418 : 355 ; 356
419 : 356 ; 354
420 : 134 ; 357
421 : 357 ; 132
422 : 358 ; 359
423 : 359 ; 360
424 : 360 ; 358
425 : 361 ; 362
426 : 362 ; 363
427 : 363 ; 361
428 : 182 ; 360
429 : 360 ; 124
430 : 364 ; 365
431 : 365 ; 366
432 : 366 ; 364
433 : 367 ; 368
434 : 368 ; 369
435 : 369 ; 367
436 : 370 ; 334
437 : 334 ; 371
438 : 371 ; 370
439 : 372 ; 371
440 : 334 ; 372
441 : 373 ; 56
442 : 55 ; 373
443 : 236 ; 374
444 : 374 ; 235
445 : 81 ; 375
446 : 375 ; 103
447 : 373 ; 376
448 : 376 ; 56
449 : 377 ; 378
450 : 378 ; 379
451 : 379 ; 377
452 : 380 ; 381
453 : 381 ; 382
454 : 382 ; 380
455 : 383 ; 317
456 : 317 ; 384
457 : 384 ; 383
458 : 385 ; 386
459 : 386 ; 387
460 : 387 ; 385
461 : 388 ; 167
462 : 166 ; 388
463 : 389 ; 390
464 : 390 ; 249
465 : 249 ; 389
466 : 391 ; 392
467 : 392 ; 393
468 : 393 ; 391
469 : 202 ; 394
470 : 394 ; 395
471 : 395 ; 202
472 : 396 ; 60
473 : 346 ; 396
474 : 397 ; 346
475 : 59 ; 397
476 : 398 ; 399
477 : 399 ; 400
478 : 400 ; 398
479 : 401 ; 402
480 : 402 ; 403
481 : 403 ; 401
482 : 370 ; 332
483 : 404 ; 371
484 : 372 ; 404
485 : 405 ; 406
486 : 406 ; 407
487 : 407 ; 405
488 : 74 ; 408
489 : 408 ; 409
490 : 409 ; 74
491 : 385 ; 410
492 : 410 ; 386
493 : 411 ; 236
494 : 236 ; 412
495 : 412 ; 411
496 : 164 ; 413
497 : 413 ; 162
498 : 414 ; 415
499 : 415 ; 412
500 : 412 ; 414
501 : 374 ; 416
502 : 416 ; 417
503 : 417 ; 374
504 : 339 ; 418
505 : 418 ; 269
506 : 269 ; 339
507 : 419 ; 75
508 : 77 ; 419
509 : 420 ; 421
510 : 421 ; 397
511 : 397 ; 420
512 : 422 ; 423
513 : 423 ; 54
514 : 54 ; 422
515 : 424 ; 425
516 : 425 ; 426
517 : 426 ; 424
518 : 427 ; 214
519 : 214 ; 354
520 : 354 ; 427
521 : 301 ; 428
522 : 428 ; 302
523 : 429 ; 430
524 : 430 ; 431
525 : 431 ; 429
526 : 432 ; 433
527 : 433 ; 401
528 : 401 ; 432
529 : 335 ; 434
530 : 434 ; 435
531 : 435 ; 335
532 : 436 ; 330
533 : 330 ; 437
534 : 437 ; 436
535 : 438 ; 297
536 : 87 ; 438
537 : 439 ; 440
538 : 440 ; 243
539 : 243 ; 439
540 : 279 ; 441
541 : 441 ; 442
542 : 442 ; 279
543 : 443 ; 444
544 : 444 ; 445
545 : 445 ; 443
546 : 446 ; 447
547 : 447 ; 326
548 : 326 ; 446
549 : 443 ; 448
550 : 448 ; 449
551 : 449 ; 443
552 : 450 ; 451
553 : 451 ; 42
554 : 42 ; 450
555 : 452 ; 302
556 : 428 ; 452
557 : 453 ; 253
558 : 253 ; 454
559 : 454 ; 453
560 : 455 ; 91
561 : 91 ; 456
562 : 456 ; 455
563 : 457 ; 458
564 : 458 ; 459
565 : 459 ; 457
566 : 450 ; 444
567 : 444 ; 451
568 : 460 ; 26
569 : 26 ; 461
570 : 461 ; 460
571 : 280 ; 462
572 : 462 ; 463
573 : 463 ; 280
574 : 199 ; 464
575 : 464 ; 200
576 : 465 ; 466
577 : 466 ; 467
578 : 467 ; 465
579 : 468 ; 32
580 : 32 ; 469
581 : 469 ; 468
582 : 446 ; 11
583 : 11 ; 447
584 : 328 ; 470
585 : 470 ; 329
586 : 327 ; 41
587 : 41 ; 471
588 : 471 ; 327
589 : 472 ; 473
590 : 473 ; 474
591 : 474 ; 472
592 : 475 ; 349
593 : 349 ; 476
594 : 476 ; 475
595 : 439 ; 156
596 : 156 ; 477
597 : 477 ; 439
598 : 478 ; 479
599 : 479 ; 26
600 : 26 ; 478
601 : 480 ; 26
602 : 460 ; 480
603 : 481 ; 457
604 : 459 ; 481
605 : 441 ; 482
606 : 482 ; 442
607 : 483 ; 484
608 : 484 ; 485
609 : 485 ; 483
610 : 220 ; 172
611 : 172 ; 106
612 : 106 ; 220
613 : 486 ; 487
614 : 487 ; 488
615 : 488 ; 486
616 : 374 ; 233
617 : 33 ; 337
618 : 489 ; 490
619 : 490 ; 491
620 : 491 ; 489
621 : 492 ; 493
622 : 493 ; 428
623 : 428 ; 492
624 : 457 ; 494
625 : 494 ; 458
626 : 495 ; 4
627 : 4 ; 496
628 : 496 ; 495
629 : 497 ; 498
630 : 498 ; 213
631 : 213 ; 497
632 : 499 ; 50
633 : 50 ; 500
634 : 500 ; 499
635 : 501 ; 502
636 : 502 ; 228
637 : 228 ; 501
638 : 96 ; 503
639 : 503 ; 504
640 : 504 ; 96
641 : 505 ; 504
642 : 504 ; 506
643 : 506 ; 505
644 : 507 ; 186
645 : 186 ; 8
646 : 8 ; 507
647 : 29 ; 214
648 : 508 ; 484
649 : 484 ; 509
650 : 509 ; 508
651 : 510 ; 511
652 : 511 ; 512
653 : 512 ; 510
654 : 20 ; 485
655 : 485 ; 18
656 : 513 ; 514
657 : 514 ; 515
658 : 515 ; 513
659 : 516 ; 395
660 : 394 ; 516
661 : 517 ; 268
662 : 268 ; 518
663 : 518 ; 517
664 : 182 ; 519
665 : 519 ; 520
666 : 520 ; 182
667 : 299 ; 521
668 : 521 ; 82
669 : 111 ; 35
670 : 522 ; 192
671 : 211 ; 522
672 : 523 ; 524
673 : 524 ; 262
674 : 262 ; 523
675 : 452 ; 525
676 : 525 ; 524
677 : 524 ; 452
678 : 526 ; 250
679 : 250 ; 527
680 : 527 ; 526
681 : 528 ; 529
682 : 529 ; 530
683 : 530 ; 528
684 : 531 ; 532
685 : 532 ; 435
686 : 435 ; 531
687 : 248 ; 161
688 : 161 ; 308
689 : 533 ; 534
690 : 534 ; 106
691 : 106 ; 533
692 : 535 ; 536
693 : 536 ; 105
694 : 105 ; 535
695 : 537 ; 538
696 : 538 ; 238
697 : 238 ; 537
698 : 539 ; 540
699 : 540 ; 240
700 : 240 ; 539
701 : 214 ; 430
702 : 430 ; 354
703 : 272 ; 426
704 : 426 ; 541
705 : 541 ; 272
706 : 350 ; 475
707 : 475 ; 153
708 : 153 ; 350
709 : 191 ; 210
710 : 425 ; 542
711 : 542 ; 151
712 : 151 ; 425
713 : 274 ; 543
714 : 543 ; 426
715 : 426 ; 274
716 : 544 ; 545
717 : 545 ; 546
718 : 546 ; 544
719 : 547 ; 385
720 : 385 ; 462
721 : 462 ; 547
722 : 459 ; 454
723 : 454 ; 548
724 : 548 ; 459
725 : 453 ; 459
726 : 458 ; 453
727 : 549 ; 550
728 : 550 ; 551
729 : 551 ; 549
730 : 117 ; 241
731 : 241 ; 118
732 : 194 ; 552
733 : 552 ; 143
734 : 553 ; 211
735 : 211 ; 554
736 : 554 ; 553
737 : 555 ; 556
738 : 556 ; 557
739 : 557 ; 555
740 : 558 ; 417
741 : 417 ; 559
742 : 559 ; 558
743 : 293 ; 39
744 : 39 ; 294
745 : 560 ; 561
746 : 561 ; 562
747 : 562 ; 560
748 : 563 ; 564
749 : 564 ; 168
750 : 168 ; 563
751 : 565 ; 566
752 : 566 ; 491
753 : 491 ; 565
754 : 495 ; 567
755 : 567 ; 4
756 : 568 ; 127
757 : 127 ; 569
758 : 569 ; 568
759 : 570 ; 571
760 : 571 ; 572
761 : 572 ; 570
762 : 573 ; 176
763 : 176 ; 574
764 : 574 ; 573
765 : 553 ; 155
766 : 154 ; 553
767 : 575 ; 576
768 : 576 ; 476
769 : 476 ; 575
770 : 577 ; 454
771 : 253 ; 577
772 : 577 ; 93
773 : 93 ; 454
774 : 578 ; 579
775 : 579 ; 580
776 : 580 ; 578
777 : 15 ; 581
778 : 581 ; 320
779 : 320 ; 15
780 : 112 ; 582
781 : 582 ; 583
782 : 583 ; 112
783 : 342 ; 584
784 : 584 ; 585
785 : 585 ; 342
786 : 483 ; 586
787 : 586 ; 173
788 : 173 ; 483
789 : 173 ; 509
790 : 509 ; 483
791 : 587 ; 125
792 : 124 ; 587
793 : 182 ; 540
794 : 540 ; 360
795 : 588 ; 108
796 : 108 ; 589
797 : 589 ; 588
798 : 590 ; 191
799 : 209 ; 590
800 : 588 ; 591
801 : 591 ; 592
802 : 592 ; 588
803 : 593 ; 111
804 : 153 ; 593
805 : 594 ; 274
806 : 274 ; 524
807 : 524 ; 594
808 : 427 ; 595
809 : 595 ; 596
810 : 596 ; 427
811 : 252 ; 597
812 : 597 ; 253
813 : 76 ; 598
814 : 598 ; 339
815 : 28 ; 112
816 : 16 ; 265
817 : 265 ; 275
818 : 275 ; 16
819 : 599 ; 340
820 : 340 ; 600
821 : 600 ; 599
822 : 255 ; 601
823 : 601 ; 602
824 : 602 ; 255
825 : 603 ; 386
826 : 386 ; 407
827 : 407 ; 603
828 : 388 ; 226
829 : 226 ; 332
830 : 332 ; 388
831 : 230 ; 224
832 : 224 ; 231
833 : 410 ; 231
834 : 231 ; 407
835 : 407 ; 410
836 : 604 ; 226
837 : 226 ; 129
838 : 129 ; 604
839 : 493 ; 254
840 : 254 ; 605
841 : 605 ; 493
842 : 606 ; 303
843 : 302 ; 606
844 : 607 ; 223
845 : 222 ; 607
846 : 608 ; 609
847 : 609 ; 610
848 : 610 ; 608
849 : 611 ; 612
850 : 612 ; 141
851 : 141 ; 611
852 : 613 ; 464
853 : 464 ; 281
854 : 281 ; 613
855 : 614 ; 297
856 : 331 ; 614
857 : 237 ; 298
858 : 298 ; 47
859 : 47 ; 237
860 : 425 ; 600
861 : 600 ; 541
862 : 541 ; 425
863 : 585 ; 340
864 : 615 ; 616
865 : 616 ; 617
866 : 617 ; 615
867 : 2 ; 618
868 : 618 ; 0
869 : 138 ; 329
870 : 329 ; 184
871 : 184 ; 138
872 : 619 ; 267
873 : 267 ; 396
874 : 396 ; 619
875 : 189 ; 620
876 : 620 ; 190
877 : 288 ; 218
878 : 217 ; 288
879 : 74 ; 621
880 : 621 ; 72
881 : 315 ; 622
882 : 622 ; 463
883 : 463 ; 315
884 : 623 ; 417
885 : 416 ; 623
886 : 563 ; 623
887 : 623 ; 624
888 : 624 ; 563
889 : 625 ; 626
890 : 626 ; 177
891 : 177 ; 625
892 : 627 ; 240
893 : 240 ; 551
894 : 551 ; 627
895 : 567 ; 5
896 : 628 ; 5
897 : 567 ; 628
898 : 314 ; 306
899 : 306 ; 223
900 : 223 ; 314
901 : 629 ; 197
902 : 314 ; 629
903 : 507 ; 630
904 : 630 ; 187
905 : 187 ; 507
906 : 579 ; 631
907 : 631 ; 580
908 : 632 ; 264
909 : 264 ; 633
910 : 633 ; 632
911 : 264 ; 423
912 : 423 ; 633
913 : 517 ; 634
914 : 634 ; 203
915 : 203 ; 517
916 : 139 ; 635
917 : 635 ; 140
918 : 636 ; 637
919 : 637 ; 145
920 : 145 ; 636
921 : 146 ; 638
922 : 638 ; 144
923 : 262 ; 525
924 : 525 ; 263
925 : 523 ; 594
926 : 639 ; 216
927 : 216 ; 640
928 : 640 ; 639
929 : 641 ; 642
930 : 642 ; 643
931 : 643 ; 641
932 : 415 ; 644
933 : 644 ; 412
934 : 233 ; 488
935 : 487 ; 233
936 : 613 ; 207
937 : 207 ; 200
938 : 200 ; 613
939 : 645 ; 646
940 : 646 ; 495
941 : 495 ; 645
942 : 647 ; 187
943 : 187 ; 28
944 : 28 ; 647
945 : 648 ; 620
946 : 189 ; 648
947 : 649 ; 555
948 : 557 ; 649
949 : 449 ; 650
950 : 650 ; 43
951 : 43 ; 449
952 : 43 ; 471
953 : 651 ; 652
954 : 652 ; 653
955 : 653 ; 651
956 : 651 ; 635
957 : 139 ; 651
958 : 6 ; 326
959 : 447 ; 6
960 : 61 ; 654
961 : 654 ; 181
962 : 181 ; 61
963 : 491 ; 163
964 : 163 ; 565
965 : 413 ; 620
966 : 648 ; 413
967 : 430 ; 598
968 : 598 ; 354
969 : 339 ; 352
970 : 351 ; 339
971 : 184 ; 267
972 : 267 ; 138
973 : 266 ; 655
974 : 655 ; 267
975 : 79 ; 656
976 : 656 ; 80
977 : 472 ; 657
978 : 657 ; 473
979 : 658 ; 659
980 : 659 ; 660
981 : 660 ; 658
982 : 661 ; 71
983 : 71 ; 65
984 : 65 ; 661
985 : 662 ; 289
986 : 289 ; 217
987 : 217 ; 662
988 : 663 ; 50
989 : 50 ; 664
990 : 664 ; 663
991 : 382 ; 665
992 : 665 ; 380
993 : 604 ; 666
994 : 666 ; 224
995 : 224 ; 604
996 : 226 ; 333
997 : 276 ; 546
998 : 546 ; 277
999 : 667 ; 254
1000 : 254 ; 458
1001 : 458 ; 667
1002 : 564 ; 557
1003 : 556 ; 564
1004 : 32 ; 668
1005 : 668 ; 469
1006 : 669 ; 518
1007 : 268 ; 669
1008 : 122 ; 517
1009 : 315 ; 670
1010 : 670 ; 316
1011 : 671 ; 324
1012 : 323 ; 671
1013 : 583 ; 324
1014 : 324 ; 112
1015 : 516 ; 672
1016 : 672 ; 395
1017 : 120 ; 673
1018 : 673 ; 674
1019 : 674 ; 120
1020 : 188 ; 649
1021 : 649 ; 189
1022 : 675 ; 290
1023 : 290 ; 676
1024 : 676 ; 675
1025 : 323 ; 677
1026 : 677 ; 671
1027 : 678 ; 679
1028 : 679 ; 680
1029 : 680 ; 678
1030 : 681 ; 554
1031 : 554 ; 348
1032 : 348 ; 681
1033 : 155 ; 477
1034 : 611 ; 682
1035 : 682 ; 683
1036 : 683 ; 611
1037 : 495 ; 684
1038 : 684 ; 645
1039 : 175 ; 134
1040 : 133 ; 175
1041 : 685 ; 574
1042 : 574 ; 686
1043 : 686 ; 685
1044 : 687 ; 303
1045 : 606 ; 687
1046 : 687 ; 596
1047 : 596 ; 303
1048 : 688 ; 689
1049 : 689 ; 690
1050 : 690 ; 688
1051 : 662 ; 691
1052 : 691 ; 290
1053 : 290 ; 662
1054 : 692 ; 693
1055 : 693 ; 53
1056 : 53 ; 692
1057 : 692 ; 694
1058 : 694 ; 695
1059 : 695 ; 692
1060 : 696 ; 184
1061 : 329 ; 696
1062 : 697 ; 326
1063 : 325 ; 697
1064 : 312 ; 698
1065 : 698 ; 313
1066 : 699 ; 446
1067 : 446 ; 697
1068 : 697 ; 699
1069 : 700 ; 316
1070 : 316 ; 701
1071 : 701 ; 700
1072 : 702 ; 703
1073 : 703 ; 704
1074 : 704 ; 702
1075 : 292 ; 705
1076 : 705 ; 164
1077 : 706 ; 707
1078 : 707 ; 218
1079 : 218 ; 706
1080 : 261 ; 708
1081 : 708 ; 262
1082 : 709 ; 710
1083 : 710 ; 711
1084 : 711 ; 709
1085 : 159 ; 198
1086 : 197 ; 159
1087 : 712 ; 713
1088 : 713 ; 714
1089 : 714 ; 712
1090 : 469 ; 715
1091 : 715 ; 659
1092 : 659 ; 469
1093 : 220 ; 534
1094 : 534 ; 716
1095 : 716 ; 220
1096 : 717 ; 489
1097 : 489 ; 718
1098 : 718 ; 717
1099 : 718 ; 566
1100 : 565 ; 718
1101 : 165 ; 719
1102 : 719 ; 166
1103 : 720 ; 344
1104 : 345 ; 720
1105 : 595 ; 303
1106 : 302 ; 524
1107 : 524 ; 606
1108 : 721 ; 722
1109 : 722 ; 723
1110 : 723 ; 721
1111 : 69 ; 724
1112 : 724 ; 725
1113 : 725 ; 69
1114 : 726 ; 727
1115 : 727 ; 728
1116 : 728 ; 726
1117 : 359 ; 567
1118 : 567 ; 587
1119 : 587 ; 359
1120 : 306 ; 221
1121 : 247 ; 161
1122 : 678 ; 169
1123 : 169 ; 679
1124 : 339 ; 677
1125 : 677 ; 352
1126 : 186 ; 581
1127 : 581 ; 318
1128 : 185 ; 729
1129 : 729 ; 730
1130 : 730 ; 185
1131 : 641 ; 731
1132 : 731 ; 707
1133 : 707 ; 641
1134 : 157 ; 732
1135 : 732 ; 733
1136 : 733 ; 157
1137 : 639 ; 64
1138 : 64 ; 217
1139 : 217 ; 639
1140 : 372 ; 722
1141 : 722 ; 734
1142 : 734 ; 372
1143 : 114 ; 158
1144 : 627 ; 241
1145 : 498 ; 240
1146 : 92 ; 548
1147 : 454 ; 92
1148 : 735 ; 577
1149 : 577 ; 597
1150 : 597 ; 735
1151 : 736 ; 737
1152 : 737 ; 738
1153 : 738 ; 736
1154 : 510 ; 739
1155 : 739 ; 511
1156 : 740 ; 741
1157 : 741 ; 251
1158 : 251 ; 740
1159 : 141 ; 645
1160 : 645 ; 742
1161 : 742 ; 141
1162 : 341 ; 321
1163 : 321 ; 581
1164 : 581 ; 341
1165 : 342 ; 581
1166 : 581 ; 584
1167 : 221 ; 743
1168 : 743 ; 744
1169 : 744 ; 221
1170 : 745 ; 2
1171 : 2 ; 381
1172 : 381 ; 745
1173 : 710 ; 645
1174 : 684 ; 710
1175 : 3 ; 529
1176 : 529 ; 496
1177 : 496 ; 3
1178 : 746 ; 246
1179 : 246 ; 747
1180 : 747 ; 746
1181 : 748 ; 749
1182 : 749 ; 130
1183 : 130 ; 748
1184 : 434 ; 750
1185 : 750 ; 435
1186 : 335 ; 371
1187 : 371 ; 751
1188 : 751 ; 335
1189 : 752 ; 753
1190 : 753 ; 754
1191 : 754 ; 752
1192 : 129 ; 719
1193 : 719 ; 130
1194 : 503 ; 637
1195 : 637 ; 412
1196 : 412 ; 503
1197 : 287 ; 755
1198 : 755 ; 376
1199 : 376 ; 287
1200 : 390 ; 756
1201 : 756 ; 757
1202 : 757 ; 390
1203 : 740 ; 758
1204 : 758 ; 205
1205 : 205 ; 740
1206 : 759 ; 638
1207 : 146 ; 759
1208 : 467 ; 760
1209 : 760 ; 95
1210 : 95 ; 467
1211 : 761 ; 728
1212 : 728 ; 357
1213 : 357 ; 761
1214 : 762 ; 763
1215 : 763 ; 194
1216 : 194 ; 762
1217 : 97 ; 403
1218 : 402 ; 97
1219 : 764 ; 305
1220 : 304 ; 764
1221 : 142 ; 195
1222 : 300 ; 142
1223 : 765 ; 495
1224 : 646 ; 765
1225 : 711 ; 766
1226 : 766 ; 263
1227 : 263 ; 711
1228 : 767 ; 683
1229 : 682 ; 767
1230 : 12 ; 768
1231 : 768 ; 691
1232 : 691 ; 12
1233 : 271 ; 676
1234 : 676 ; 269
1235 : 322 ; 353
1236 : 352 ; 322
1237 : 769 ; 324
1238 : 583 ; 769
1239 : 599 ; 437
1240 : 437 ; 438
1241 : 438 ; 599
1242 : 770 ; 627
1243 : 551 ; 770
1244 : 597 ; 77
1245 : 77 ; 735
1246 : 771 ; 772
1247 : 772 ; 355
1248 : 355 ; 771
1249 : 364 ; 773
1250 : 773 ; 514
1251 : 514 ; 364
1252 : 508 ; 774
1253 : 774 ; 366
1254 : 366 ; 508
1255 : 671 ; 113
1256 : 112 ; 671
1257 : 431 ; 113
1258 : 113 ; 775
1259 : 775 ; 431
1260 : 776 ; 515
1261 : 515 ; 55
1262 : 55 ; 776
1263 : 737 ; 511
1264 : 739 ; 737
1265 : 559 ; 769
1266 : 769 ; 558
1267 : 777 ; 417
1268 : 558 ; 777
1269 : 778 ; 779
1270 : 779 ; 738
1271 : 738 ; 778
1272 : 755 ; 780
1273 : 780 ; 57
1274 : 57 ; 755
1275 : 781 ; 324
1276 : 769 ; 781
1277 : 556 ; 169
1278 : 169 ; 564
1279 : 625 ; 521
1280 : 521 ; 626
1281 : 685 ; 573
1282 : 352 ; 323
1283 : 678 ; 170
1284 : 782 ; 653
1285 : 653 ; 136
1286 : 136 ; 782
1287 : 139 ; 783
1288 : 783 ; 784
1289 : 784 ; 139
1290 : 179 ; 509
1291 : 785 ; 173
1292 : 172 ; 785
1293 : 786 ; 333
1294 : 333 ; 225
1295 : 225 ; 786
1296 : 184 ; 396
1297 : 422 ; 183
1298 : 183 ; 423
1299 : 354 ; 787
1300 : 787 ; 301
1301 : 301 ; 354
1302 : 355 ; 598
1303 : 76 ; 355
1304 : 788 ; 789
1305 : 789 ; 582
1306 : 582 ; 788
1307 : 411 ; 416
1308 : 374 ; 411
1309 : 467 ; 172
1310 : 172 ; 465
1311 : 790 ; 791
1312 : 791 ; 792
1313 : 792 ; 790
1314 : 3 ; 530
1315 : 793 ; 794
1316 : 794 ; 605
1317 : 605 ; 793
1318 : 795 ; 80
1319 : 656 ; 795
1320 : 653 ; 140
1321 : 635 ; 653
1322 : 796 ; 59
1323 : 59 ; 797
1324 : 797 ; 796
1325 : 634 ; 394
1326 : 394 ; 203
1327 : 100 ; 90
1328 : 89 ; 100
1329 : 295 ; 102
1330 : 102 ; 40
1331 : 493 ; 711
1332 : 263 ; 493
1333 : 766 ; 530
1334 : 530 ; 261
1335 : 261 ; 766
1336 : 736 ; 798
1337 : 798 ; 512
1338 : 512 ; 736
1339 : 737 ; 780
1340 : 780 ; 738
1341 : 492 ; 252
1342 : 254 ; 492
1343 : 127 ; 793
1344 : 793 ; 128
1345 : 214 ; 431
1346 : 578 ; 799
1347 : 799 ; 800
1348 : 800 ; 578
1349 : 200 ; 801
1350 : 801 ; 201
1351 : 206 ; 195
1352 : 681 ; 802
1353 : 802 ; 554
1354 : 475 ; 593
1355 : 280 ; 482
1356 : 482 ; 462
1357 : 757 ; 482
1358 : 441 ; 757
1359 : 36 ; 174
1360 : 591 ; 803
1361 : 803 ; 592
1362 : 404 ; 751
1363 : 804 ; 805
1364 : 805 ; 806
1365 : 806 ; 804
1366 : 308 ; 160
1367 : 160 ; 309
1368 : 761 ; 361
1369 : 361 ; 123
1370 : 123 ; 761
1371 : 726 ; 763
1372 : 763 ; 727
1373 : 693 ; 54
1374 : 807 ; 85
1375 : 87 ; 807
1376 : 796 ; 808
1377 : 808 ; 59
1378 : 809 ; 695
1379 : 695 ; 797
1380 : 797 ; 809
1381 : 810 ; 811
1382 : 811 ; 562
1383 : 562 ; 810
1384 : 804 ; 734
1385 : 722 ; 804
1386 : 294 ; 63
1387 : 640 ; 812
1388 : 812 ; 639
1389 : 813 ; 267
1390 : 619 ; 813
1391 : 814 ; 201
1392 : 201 ; 683
1393 : 683 ; 814
1394 : 815 ; 527
1395 : 527 ; 816
1396 : 816 ; 815
1397 : 563 ; 817
1398 : 817 ; 818
1399 : 818 ; 563
1400 : 777 ; 789
1401 : 789 ; 417
1402 : 288 ; 706
1403 : 292 ; 288
1404 : 288 ; 705
1405 : 819 ; 485
1406 : 485 ; 366
1407 : 366 ; 819
1408 : 820 ; 821
1409 : 821 ; 822
1410 : 822 ; 820
1411 : 494 ; 823
1412 : 823 ; 741
1413 : 741 ; 494
1414 : 810 ; 824
1415 : 824 ; 811
1416 : 228 ; 243
1417 : 825 ; 826
1418 : 826 ; 744
1419 : 744 ; 825
1420 : 813 ; 268
1421 : 397 ; 808
1422 : 808 ; 420
1423 : 595 ; 301
1424 : 356 ; 787
1425 : 696 ; 183
1426 : 329 ; 632
1427 : 632 ; 696
1428 : 353 ; 418
1429 : 418 ; 351
1430 : 269 ; 827
1431 : 827 ; 339
1432 : 828 ; 26
1433 : 26 ; 829
1434 : 829 ; 828
1435 : 24 ; 828
1436 : 828 ; 830
1437 : 830 ; 24
1438 : 294 ; 217
1439 : 217 ; 63
1440 : 84 ; 134
1441 : 134 ; 626
1442 : 626 ; 84
1443 : 299 ; 626
1444 : 422 ; 693
1445 : 693 ; 58
1446 : 58 ; 422
1447 : 831 ; 809
1448 : 809 ; 58
1449 : 58 ; 831
1450 : 832 ; 546
1451 : 546 ; 833
1452 : 833 ; 832
1453 : 834 ; 786
1454 : 225 ; 834
1455 : 480 ; 391
1456 : 393 ; 480
1457 : 392 ; 835
1458 : 835 ; 656
1459 : 656 ; 392
1460 : 270 ; 680
1461 : 679 ; 270
1462 : 668 ; 34
1463 : 338 ; 668
1464 : 427 ; 578
1465 : 578 ; 214
1466 : 580 ; 27
1467 : 215 ; 580
1468 : 671 ; 775
1469 : 28 ; 582
1470 : 836 ; 804
1471 : 722 ; 836
1472 : 837 ; 251
1473 : 251 ; 823
1474 : 823 ; 837
1475 : 319 ; 838
1476 : 838 ; 796
1477 : 796 ; 319
1478 : 341 ; 839
1479 : 839 ; 321
1480 : 804 ; 115
1481 : 115 ; 805
1482 : 836 ; 811
1483 : 824 ; 836
1484 : 378 ; 727
1485 : 727 ; 840
1486 : 840 ; 378
1487 : 475 ; 347
1488 : 603 ; 841
1489 : 841 ; 842
1490 : 842 ; 603
1491 : 256 ; 258
1492 : 523 ; 843
1493 : 843 ; 594
1494 : 844 ; 814
1495 : 814 ; 816
1496 : 816 ; 844
1497 : 756 ; 482
1498 : 46 ; 617
1499 : 617 ; 408
1500 : 408 ; 46
1501 : 745 ; 609
1502 : 609 ; 245
1503 : 245 ; 745
1504 : 845 ; 846
1505 : 846 ; 497
1506 : 497 ; 845
1507 : 523 ; 708
1508 : 708 ; 845
1509 : 845 ; 523
1510 : 807 ; 847
1511 : 847 ; 85
1512 : 321 ; 838
1513 : 150 ; 848
1514 : 848 ; 331
1515 : 331 ; 150
1516 : 849 ; 537
1517 : 238 ; 849
1518 : 421 ; 850
1519 : 850 ; 397
1520 : 813 ; 420
1521 : 420 ; 268
1522 : 2 ; 382
1523 : 851 ; 852
1524 : 852 ; 1
1525 : 1 ; 851
1526 : 583 ; 558
1527 : 583 ; 777
1528 : 699 ; 853
1529 : 853 ; 446
1530 : 9 ; 488
1531 : 488 ; 10
1532 : 515 ; 854
1533 : 854 ; 55
1534 : 57 ; 776
1535 : 165 ; 336
1536 : 336 ; 532
1537 : 532 ; 165
1538 : 471 ; 698
1539 : 698 ; 853
1540 : 853 ; 471
1541 : 313 ; 471
1542 : 471 ; 650
1543 : 650 ; 313
1544 : 480 ; 829
1545 : 445 ; 461
1546 : 461 ; 443
1547 : 460 ; 445
1548 : 445 ; 855
1549 : 855 ; 460
1550 : 392 ; 472
1551 : 472 ; 835
1552 : 315 ; 856
1553 : 856 ; 622
1554 : 409 ; 617
1555 : 616 ; 409
1556 : 857 ; 795
1557 : 795 ; 835
1558 : 835 ; 857
1559 : 656 ; 393
1560 : 858 ; 366
1561 : 365 ; 858
1562 : 859 ; 860
1563 : 860 ; 375
1564 : 375 ; 859
1565 : 626 ; 175
1566 : 84 ; 357
1567 : 704 ; 194
1568 : 194 ; 702
1569 : 587 ; 861
1570 : 861 ; 862
1571 : 862 ; 587
1572 : 863 ; 373
1573 : 373 ; 854
1574 : 854 ; 863
1575 : 864 ; 509
1576 : 179 ; 864
1577 : 600 ; 631
1578 : 631 ; 541
1579 : 579 ; 541
1580 : 187 ; 582
1581 : 729 ; 647
1582 : 647 ; 730
1583 : 282 ; 779
1584 : 779 ; 283
1585 : 284 ; 650
1586 : 650 ; 282
1587 : 779 ; 736
1588 : 486 ; 368
1589 : 368 ; 487
1590 : 853 ; 865
1591 : 865 ; 471
1592 : 449 ; 798
1593 : 798 ; 650
1594 : 3 ; 261
1595 : 866 ; 708
1596 : 261 ; 866
1597 : 621 ; 867
1598 : 867 ; 72
1599 : 842 ; 257
1600 : 257 ; 868
1601 : 868 ; 842
1602 : 869 ; 870
1603 : 870 ; 95
1604 : 95 ; 869
1605 : 56 ; 755
1606 : 71 ; 871
1607 : 871 ; 65
1608 : 750 ; 732
1609 : 732 ; 724
1610 : 724 ; 750
1611 : 788 ; 630
1612 : 630 ; 872
1613 : 872 ; 788
1614 : 311 ; 374
1615 : 417 ; 311
1616 : 280 ; 442
1617 : 873 ; 616
1618 : 616 ; 874
1619 : 874 ; 873
1620 : 255 ; 875
1621 : 875 ; 876
1622 : 876 ; 255
1623 : 165 ; 877
1624 : 877 ; 719
1625 : 368 ; 283
1626 : 283 ; 369
1627 : 367 ; 644
1628 : 415 ; 367
1629 : 690 ; 70
1630 : 70 ; 688
1631 : 90 ; 690
1632 : 690 ; 88
1633 : 878 ; 628
1634 : 567 ; 878
1635 : 497 ; 212
1636 : 212 ; 845
1637 : 14 ; 77
1638 : 77 ; 827
1639 : 827 ; 14
1640 : 768 ; 14
1641 : 827 ; 768
1642 : 492 ; 419
1643 : 419 ; 597
1644 : 597 ; 492
1645 : 879 ; 880
1646 : 880 ; 195
1647 : 195 ; 879
1648 : 142 ; 801
1649 : 801 ; 207
1650 : 312 ; 9
1651 : 9 ; 698
1652 : 367 ; 487
1653 : 358 ; 540
1654 : 539 ; 358
1655 : 261 ; 5
1656 : 5 ; 866
1657 : 697 ; 470
1658 : 328 ; 697
1659 : 328 ; 699
1660 : 881 ; 433
1661 : 433 ; 882
1662 : 882 ; 881
1663 : 305 ; 882
1664 : 882 ; 247
1665 : 227 ; 883
1666 : 883 ; 610
1667 : 610 ; 227
1668 : 884 ; 885
1669 : 885 ; 609
1670 : 609 ; 884
1671 : 886 ; 311
1672 : 417 ; 886
1673 : 311 ; 61
1674 : 702 ; 880
1675 : 880 ; 439
1676 : 439 ; 702
1677 : 879 ; 384
1678 : 384 ; 880
1679 : 451 ; 43
1680 : 494 ; 740
1681 : 205 ; 494
1682 : 758 ; 682
1683 : 682 ; 569
1684 : 569 ; 758
1685 : 538 ; 149
1686 : 148 ; 538
1687 : 118 ; 887
1688 : 887 ; 119
1689 : 888 ; 806
1690 : 805 ; 888
1691 : 733 ; 115
1692 : 424 ; 543
1693 : 543 ; 147
1694 : 147 ; 424
1695 : 594 ; 543
1696 : 889 ; 266
1697 : 266 ; 890
1698 : 890 ; 889
1699 : 139 ; 889
1700 : 889 ; 651
1701 : 524 ; 687
1702 : 687 ; 273
1703 : 273 ; 596
1704 : 14 ; 735
1705 : 563 ; 891
1706 : 891 ; 623
1707 : 376 ; 285
1708 : 505 ; 892
1709 : 892 ; 893
1710 : 893 ; 505
1711 : 248 ; 602
1712 : 602 ; 747
1713 : 747 ; 248
1714 : 246 ; 304
1715 : 894 ; 638
1716 : 638 ; 895
1717 : 895 ; 894
1718 : 891 ; 559
1719 : 417 ; 891
1720 : 44 ; 245
1721 : 245 ; 885
1722 : 885 ; 44
1723 : 700 ; 384
1724 : 317 ; 700
1725 : 243 ; 154
1726 : 154 ; 439
1727 : 554 ; 155
1728 : 645 ; 143
1729 : 143 ; 646
1730 : 552 ; 646
1731 : 896 ; 601
1732 : 601 ; 98
1733 : 98 ; 896
1734 : 897 ; 345
1735 : 129 ; 897
1736 : 781 ; 322
1737 : 898 ; 353
1738 : 353 ; 781
1739 : 781 ; 898
1740 : 899 ; 759
1741 : 146 ; 899
1742 : 900 ; 624
1743 : 623 ; 900
1744 : 100 ; 456
1745 : 456 ; 101
1746 : 689 ; 88
1747 : 901 ; 902
1748 : 902 ; 739
1749 : 739 ; 901
1750 : 171 ; 104
1751 : 106 ; 171
1752 : 870 ; 467
1753 : 839 ; 838
1754 : 343 ; 807
1755 : 607 ; 903
1756 : 903 ; 629
1757 : 629 ; 607
1758 : 825 ; 904
1759 : 904 ; 826
1760 : 371 ; 167
1761 : 167 ; 370
1762 : 370 ; 388
1763 : 531 ; 905
1764 : 905 ; 906
1765 : 906 ; 531
1766 : 23 ; 749
1767 : 749 ; 21
1768 : 730 ; 907
1769 : 907 ; 340
1770 : 340 ; 730
1771 : 27 ; 647
1772 : 128 ; 204
1773 : 605 ; 711
1774 : 361 ; 519
1775 : 519 ; 123
1776 : 908 ; 761
1777 : 123 ; 908
1778 : 199 ; 844
1779 : 844 ; 441
1780 : 441 ; 199
1781 : 128 ; 605
1782 : 605 ; 667
1783 : 667 ; 128
1784 : 204 ; 458
1785 : 458 ; 205
1786 : 40 ; 101
1787 : 101 ; 909
1788 : 909 ; 40
1789 : 690 ; 102
1790 : 295 ; 690
1791 : 477 ; 702
1792 : 681 ; 840
1793 : 840 ; 802
1794 : 226 ; 166
1795 : 166 ; 129
1796 : 877 ; 130
1797 : 711 ; 528
1798 : 528 ; 766
1799 : 293 ; 871
1800 : 871 ; 295
1801 : 295 ; 293
1802 : 818 ; 769
1803 : 559 ; 818
1804 : 496 ; 684
1805 : 861 ; 567
1806 : 495 ; 861
1807 : 433 ; 910
1808 : 910 ; 402
1809 : 402 ; 433
1810 : 403 ; 432
1811 : 911 ; 85
1812 : 85 ; 912
1813 : 912 ; 911
1814 : 912 ; 913
1815 : 913 ; 911
1816 : 210 ; 590
1817 : 590 ; 576
1818 : 576 ; 210
1819 : 211 ; 348
1820 : 132 ; 728
1821 : 727 ; 132
1822 : 914 ; 681
1823 : 681 ; 379
1824 : 379 ; 914
1825 : 915 ; 498
1826 : 498 ; 866
1827 : 866 ; 915
1828 : 374 ; 10
1829 : 10 ; 233
1830 : 487 ; 414
1831 : 414 ; 233
1832 : 437 ; 297
1833 : 227 ; 380
1834 : 380 ; 228
1835 : 1 ; 664
1836 : 664 ; 382
1837 : 382 ; 1
1838 : 692 ; 831
1839 : 831 ; 693
1840 : 455 ; 457
1841 : 481 ; 455
1842 : 560 ; 916
1843 : 916 ; 561
1844 : 132 ; 377
1845 : 377 ; 350
1846 : 132 ; 378
1847 : 917 ; 194
1848 : 195 ; 917
1849 : 918 ; 763
1850 : 726 ; 918
1851 : 160 ; 197
1852 : 197 ; 309
1853 : 867 ; 258
1854 : 256 ; 867
1855 : 83 ; 361
1856 : 363 ; 83
1857 : 502 ; 522
1858 : 211 ; 502
1859 : 227 ; 608
1860 : 608 ; 883
1861 : 507 ; 62
1862 : 62 ; 872
1863 : 872 ; 507
1864 : 886 ; 872
1865 : 872 ; 311
1866 : 176 ; 133
1867 : 133 ; 574
1868 : 350 ; 686
1869 : 686 ; 133
1870 : 137 ; 919
1871 : 919 ; 80
1872 : 80 ; 137
1873 : 79 ; 393
1874 : 599 ; 920
1875 : 920 ; 436
1876 : 436 ; 599
1877 : 438 ; 839
1878 : 839 ; 599
1879 : 237 ; 921
1880 : 921 ; 296
1881 : 296 ; 237
1882 : 118 ; 627
1883 : 627 ; 922
1884 : 922 ; 118
1885 : 847 ; 923
1886 : 923 ; 343
1887 : 343 ; 847
1888 : 239 ; 538
1889 : 538 ; 887
1890 : 887 ; 239
1891 : 924 ; 172
1892 : 172 ; 870
1893 : 870 ; 924
1894 : 869 ; 924
1895 : 816 ; 683
1896 : 683 ; 815
1897 : 526 ; 251
1898 : 849 ; 49
1899 : 260 ; 849
1900 : 925 ; 105
1901 : 104 ; 925
1902 : 103 ; 30
1903 : 748 ; 403
1904 : 403 ; 749
1905 : 926 ; 402
1906 : 910 ; 926
1907 : 137 ; 672
1908 : 672 ; 919
1909 : 782 ; 927
1910 : 927 ; 140
1911 : 140 ; 782
1912 : 547 ; 756
1913 : 756 ; 232
1914 : 232 ; 547
1915 : 224 ; 407
1916 : 908 ; 862
1917 : 862 ; 726
1918 : 726 ; 908
1919 : 918 ; 765
1920 : 646 ; 918
1921 : 204 ; 667
1922 : 35 ; 589
1923 : 589 ; 36
1924 : 928 ; 107
1925 : 107 ; 929
1926 : 929 ; 928
1927 : 84 ; 363
1928 : 363 ; 357
1929 : 362 ; 357
1930 : 930 ; 196
1931 : 198 ; 930
1932 : 570 ; 593
1933 : 593 ; 476
1934 : 476 ; 570
1935 : 592 ; 109
1936 : 108 ; 592
1937 : 762 ; 840
1938 : 727 ; 762
1939 : 763 ; 552
1940 : 91 ; 101
1941 : 566 ; 489
1942 : 565 ; 33
1943 : 33 ; 931
1944 : 931 ; 565
1945 : 862 ; 125
1946 : 765 ; 861
1947 : 826 ; 221
1948 : 745 ; 618
1949 : 932 ; 933
1950 : 933 ; 922
1951 : 922 ; 932
1952 : 934 ; 91
1953 : 93 ; 934
1954 : 935 ; 269
1955 : 676 ; 935
1956 : 619 ; 346
1957 : 397 ; 619
1958 : 206 ; 879
1959 : 383 ; 315
1960 : 259 ; 868
1961 : 517 ; 890
1962 : 890 ; 268
1963 : 349 ; 575
1964 : 475 ; 377
1965 : 377 ; 347
1966 : 625 ; 82
1967 : 936 ; 922
1968 : 627 ; 936
1969 : 848 ; 614
1970 : 296 ; 343
1971 : 190 ; 270
1972 : 270 ; 188
1973 : 188 ; 679
1974 : 679 ; 937
1975 : 937 ; 188
1976 : 537 ; 542
1977 : 542 ; 149
1978 : 149 ; 537
1979 : 118 ; 938
1980 : 938 ; 887
1981 : 6 ; 265
1982 : 61 ; 872
1983 : 333 ; 372
1984 : 939 ; 721
1985 : 721 ; 278
1986 : 278 ; 939
1987 : 16 ; 692
1988 : 826 ; 222
1989 : 940 ; 904
1990 : 904 ; 73
1991 : 73 ; 940
1992 : 932 ; 941
1993 : 941 ; 933
1994 : 550 ; 936
1995 : 936 ; 770
1996 : 770 ; 550
1997 : 271 ; 675
1998 : 418 ; 680
1999 : 680 ; 269
2000 : 477 ; 802
2001 : 840 ; 477
2002 : 762 ; 703
2003 : 703 ; 840
2004 : 599 ; 942
2005 : 942 ; 920
2006 : 866 ; 845
2007 : 846 ; 498
2008 : 432 ; 748
2009 : 748 ; 905
2010 : 905 ; 432
2011 : 83 ; 519
2012 : 761 ; 362
2013 : 400 ; 943
2014 : 943 ; 109
2015 : 109 ; 400
2016 : 943 ; 107
2017 : 844 ; 944
2018 : 944 ; 441
2019 : 78 ; 516
2020 : 394 ; 78
2021 : 919 ; 78
2022 : 844 ; 945
2023 : 945 ; 944
2024 : 526 ; 767
2025 : 767 ; 251
2026 : 742 ; 611
2027 : 448 ; 461
2028 : 461 ; 510
2029 : 510 ; 448
2030 : 946 ; 448
2031 : 448 ; 512
2032 : 512 ; 946
2033 : 59 ; 809
2034 : 23 ; 131
2035 : 130 ; 23
2036 : 99 ; 749
2037 : 749 ; 97
2038 : 713 ; 621
2039 : 621 ; 714
2040 : 947 ; 948
2041 : 948 ; 949
2042 : 949 ; 947
2043 : 950 ; 369
2044 : 369 ; 778
2045 : 778 ; 950
2046 : 779 ; 369
2047 : 186 ; 584
2048 : 279 ; 199
2049 : 281 ; 622
2050 : 856 ; 281
2051 : 662 ; 294
2052 : 39 ; 662
2053 : 951 ; 12
2054 : 691 ; 951
2055 : 901 ; 952
2056 : 952 ; 479
2057 : 479 ; 901
2058 : 773 ; 774
2059 : 774 ; 854
2060 : 854 ; 773
2061 : 513 ; 365
2062 : 365 ; 514
2063 : 515 ; 773
2064 : 953 ; 461
2065 : 461 ; 479
2066 : 479 ; 953
2067 : 952 ; 953
2068 : 10 ; 180
2069 : 310 ; 180
2070 : 10 ; 310
2071 : 901 ; 478
2072 : 478 ; 25
2073 : 25 ; 901
2074 : 379 ; 347
2075 : 347 ; 681
2076 : 266 ; 783
2077 : 783 ; 655
2078 : 266 ; 784
2079 : 895 ; 564
2080 : 564 ; 894
2081 : 900 ; 636
2082 : 145 ; 900
2083 : 715 ; 638
2084 : 759 ; 715
2085 : 767 ; 740
2086 : 569 ; 205
2087 : 503 ; 644
2088 : 644 ; 506
2089 : 506 ; 503
2090 : 637 ; 146
2091 : 30 ; 483
2092 : 483 ; 20
2093 : 752 ; 81
2094 : 20 ; 752
2095 : 954 ; 955
2096 : 955 ; 549
2097 : 549 ; 954
2098 : 540 ; 551
2099 : 359 ; 878
2100 : 900 ; 416
2101 : 416 ; 636
2102 : 411 ; 637
2103 : 636 ; 411
2104 : 456 ; 562
2105 : 562 ; 455
2106 : 22 ; 99
2107 : 98 ; 22
2108 : 467 ; 956
2109 : 956 ; 760
2110 : 893 ; 504
2111 : 450 ; 957
2112 : 957 ; 444
2113 : 957 ; 473
2114 : 473 ; 445
2115 : 445 ; 957
2116 : 406 ; 603
2117 : 259 ; 714
2118 : 714 ; 868
2119 : 737 ; 776
2120 : 57 ; 737
2121 : 286 ; 755
2122 : 47 ; 150
2123 : 675 ; 190
2124 : 190 ; 705
2125 : 705 ; 675
2126 : 292 ; 642
2127 : 642 ; 706
2128 : 706 ; 292
2129 : 171 ; 925
2130 : 925 ; 535
2131 : 889 ; 784
2132 : 908 ; 125
2133 : 918 ; 552
2134 : 485 ; 508
2135 : 958 ; 672
2136 : 137 ; 958
2137 : 516 ; 919
2138 : 767 ; 758
2139 : 387 ; 409
2140 : 616 ; 387
2141 : 873 ; 959
2142 : 959 ; 387
2143 : 387 ; 873
2144 : 663 ; 51
2145 : 852 ; 664
2146 : 457 ; 561
2147 : 916 ; 457
2148 : 66 ; 660
2149 : 660 ; 67
2150 : 325 ; 470
2151 : 698 ; 446
2152 : 960 ; 825
2153 : 825 ; 745
2154 : 745 ; 960
2155 : 949 ; 940
2156 : 940 ; 947
2157 : 961 ; 859
2158 : 859 ; 752
2159 : 752 ; 961
2160 : 378 ; 914
2161 : 487 ; 415
2162 : 412 ; 234
2163 : 234 ; 414
2164 : 962 ; 36
2165 : 589 ; 962
2166 : 739 ; 776
2167 : 739 ; 952
2168 : 601 ; 747
2169 : 256 ; 602
2170 : 602 ; 309
2171 : 309 ; 256
2172 : 285 ; 178
2173 : 178 ; 893
2174 : 893 ; 285
2175 : 292 ; 643
2176 : 897 ; 963
2177 : 963 ; 876
2178 : 876 ; 897
2179 : 469 ; 557
2180 : 557 ; 895
2181 : 895 ; 469
2182 : 717 ; 931
2183 : 931 ; 964
2184 : 964 ; 717
2185 : 955 ; 965
2186 : 965 ; 625
2187 : 625 ; 955
2188 : 532 ; 130
2189 : 877 ; 532
2190 : 336 ; 435
2191 : 150 ; 920
2192 : 920 ; 151
2193 : 436 ; 331
2194 : 345 ; 876
2195 : 876 ; 720
2196 : 963 ; 22
2197 : 98 ; 963
2198 : 560 ; 966
2199 : 966 ; 916
2200 : 966 ; 823
2201 : 823 ; 916
2202 : 162 ; 565
2203 : 162 ; 337
2204 : 33 ; 162
2205 : 64 ; 661
2206 : 640 ; 724
2207 : 724 ; 71
2208 : 71 ; 640
2209 : 782 ; 967
2210 : 967 ; 927
2211 : 444 ; 43
2212 : 931 ; 718
2213 : 874 ; 615
2214 : 615 ; 463
2215 : 463 ; 874
2216 : 932 ; 921
2217 : 921 ; 941
2218 : 585 ; 730
2219 : 907 ; 631
2220 : 600 ; 907
2221 : 925 ; 822
2222 : 822 ; 535
2223 : 18 ; 753
2224 : 753 ; 19
2225 : 896 ; 968
2226 : 968 ; 601
2227 : 97 ; 926
2228 : 926 ; 98
2229 : 46 ; 615
2230 : 661 ; 812
2231 : 640 ; 661
2232 : 309 ; 867
2233 : 867 ; 629
2234 : 629 ; 72
2235 : 549 ; 936
2236 : 969 ; 500
2237 : 500 ; 400
2238 : 400 ; 969
2239 : 398 ; 52
2240 : 51 ; 398
2241 : 666 ; 841
2242 : 841 ; 405
2243 : 405 ; 666
2244 : 230 ; 833
2245 : 833 ; 225
2246 : 225 ; 230
2247 : 963 ; 131
2248 : 131 ; 22
2249 : 628 ; 866
2250 : 846 ; 866
2251 : 662 ; 951
2252 : 733 ; 805
2253 : 806 ; 734
2254 : 391 ; 657
2255 : 657 ; 392
2256 : 189 ; 338
2257 : 338 ; 648
2258 : 337 ; 648
2259 : 9 ; 486
2260 : 9 ; 368
2261 : 957 ; 474
2262 : 510 ; 952
2263 : 953 ; 510
2264 : 926 ; 896
2265 : 764 ; 881
2266 : 881 ; 305
2267 : 871 ; 690
2268 : 70 ; 871
2269 : 591 ; 571
2270 : 570 ; 591
2271 : 711 ; 496
2272 : 529 ; 711
2273 : 822 ; 970
2274 : 970 ; 820
2275 : 971 ; 972
2276 : 972 ; 375
2277 : 375 ; 971
2278 : 973 ; 163
2279 : 163 ; 490
2280 : 490 ; 973
2281 : 641 ; 706
2282 : 88 ; 974
2283 : 974 ; 114
2284 : 974 ; 69
2285 : 725 ; 974
2286 : 181 ; 447
2287 : 654 ; 447
2288 : 833 ; 834
2289 : 276 ; 834
2290 : 834 ; 546
2291 : 13 ; 93
2292 : 93 ; 735
2293 : 735 ; 13
2294 : 921 ; 343
2295 : 288 ; 675
2296 : 500 ; 52
2297 : 52 ; 400
2298 : 399 ; 943
2299 : 511 ; 736
2300 : 137 ; 652
2301 : 652 ; 121
2302 : 121 ; 137
2303 : 780 ; 778
2304 : 504 ; 975
2305 : 975 ; 96
2306 : 976 ; 272
2307 : 272 ; 800
2308 : 800 ; 976
2309 : 427 ; 977
2310 : 977 ; 595
2311 : 649 ; 338
2312 : 937 ; 556
2313 : 556 ; 188
2314 : 764 ; 910
2315 : 433 ; 764
2316 : 136 ; 978
2317 : 978 ; 137
2318 : 832 ; 390
2319 : 390 ; 979
2320 : 979 ; 832
2321 : 944 ; 757
2322 : 649 ; 668
2323 : 902 ; 776
2324 : 980 ; 408
2325 : 408 ; 73
2326 : 73 ; 980
2327 : 904 ; 980
2328 : 721 ; 981
2329 : 981 ; 722
2330 : 372 ; 723
2331 : 925 ; 586
2332 : 586 ; 970
2333 : 970 ; 925
2334 : 821 ; 535
2335 : 291 ; 643
2336 : 223 ; 629
2337 : 903 ; 948
2338 : 948 ; 629
2339 : 170 ; 781
2340 : 769 ; 170
2341 : 829 ; 830
2342 : 513 ; 858
2343 : 840 ; 914
2344 : 894 ; 144
2345 : 894 ; 900
2346 : 900 ; 144
2347 : 183 ; 633
2348 : 60 ; 422
2349 : 748 ; 906
2350 : 982 ; 41
2351 : 41 ; 983
2352 : 983 ; 982
2353 : 450 ; 984
2354 : 984 ; 985
2355 : 985 ; 450
2356 : 951 ; 38
2357 : 38 ; 12
2358 : 405 ; 603
2359 : 407 ; 666
2360 : 244 ; 960
2361 : 960 ; 245
2362 : 986 ; 701
2363 : 316 ; 986
2364 : 876 ; 98
2365 : 98 ; 255
2366 : 538 ; 119
2367 : 987 ; 887
2368 : 938 ; 987
2369 : 319 ; 797
2370 : 695 ; 319
2371 : 320 ; 695
2372 : 694 ; 320
2373 : 907 ; 580
2374 : 852 ; 663
2375 : 473 ; 855
2376 : 657 ; 855
2377 : 86 ; 796
2378 : 838 ; 86
2379 : 86 ; 438
2380 : 390 ; 250
2381 : 966 ; 837
2382 : 83 ; 520
2383 : 243 ; 553
2384 : 553 ; 502
2385 : 269 ; 768
2386 : 890 ; 122
2387 : 122 ; 889
2388 : 121 ; 889
2389 : 187 ; 729
2390 : 730 ; 580
2391 : 765 ; 862
2392 : 419 ; 772
2393 : 771 ; 419
2394 : 477 ; 554
2395 : 762 ; 704
2396 : 135 ; 782
2397 : 344 ; 875
2398 : 875 ; 841
2399 : 841 ; 344
2400 : 666 ; 344
2401 : 197 ; 867
2402 : 832 ; 756
2403 : 389 ; 979
2404 : 148 ; 119
2405 : 580 ; 647
2406 : 409 ; 714
2407 : 714 ; 74
2408 : 621 ; 258
2409 : 886 ; 788
2410 : 669 ; 420
2411 : 808 ; 669
2412 : 669 ; 988
2413 : 988 ; 634
2414 : 634 ; 669
2415 : 208 ; 193
2416 : 193 ; 665
2417 : 665 ; 208
2418 : 731 ; 640
2419 : 640 ; 707
2420 : 794 ; 711
2421 : 750 ; 888
2422 : 888 ; 733
2423 : 733 ; 750
2424 : 668 ; 557
2425 : 493 ; 452
2426 : 591 ; 989
2427 : 989 ; 803
2428 : 969 ; 803
2429 : 803 ; 500
2430 : 172 ; 68
2431 : 68 ; 465
2432 : 466 ; 759
2433 : 899 ; 466
2434 : 745 ; 610
2435 : 898 ; 678
2436 : 678 ; 418
2437 : 418 ; 898
2438 : 817 ; 170
2439 : 170 ; 818
2440 : 753 ; 860
2441 : 860 ; 754
2442 : 752 ; 19
2443 : 858 ; 819
2444 : 18 ; 858
2445 : 858 ; 753
2446 : 987 ; 941
2447 : 921 ; 987
2448 : 990 ; 744
2449 : 743 ; 990
2450 : 1 ; 990
2451 : 990 ; 851
2452 : 670 ; 986
2453 : 670 ; 615
2454 : 46 ; 670
2455 : 259 ; 712
2456 : 712 ; 258
2457 : 621 ; 712
2458 : 0 ; 990
2459 : 724 ; 158
2460 : 158 ; 725
2461 : 114 ; 725
2462 : 117 ; 148
2463 : 148 ; 843
2464 : 843 ; 117
2465 : 147 ; 843
2466 : 710 ; 742
2467 : 612 ; 201
2468 : 801 ; 612
2469 : 974 ; 688
2470 : 688 ; 991
2471 : 991 ; 974
2472 : 69 ; 991
2473 : 991 ; 70
2474 : 909 ; 38
2475 : 934 ; 12
2476 : 38 ; 934
2477 : 429 ; 598
2478 : 113 ; 214
2479 : 989 ; 476
2480 : 576 ; 989
2481 : 803 ; 208
2482 : 208 ; 500
2483 : 924 ; 785
2484 : 893 ; 975
2485 : 404 ; 806
2486 : 806 ; 751
2487 : 757 ; 250
2488 : 544 ; 832
2489 : 979 ; 544
2490 : 78 ; 393
2491 : 850 ; 619
2492 : 413 ; 705
2493 : 705 ; 620
2494 : 337 ; 413
2495 : 920 ; 331
2496 : 425 ; 149
2497 : 888 ; 751
2498 : 849 ; 47
2499 : 721 ; 966
2500 : 966 ; 981
2501 : 723 ; 278
2502 : 986 ; 44
2503 : 885 ; 986
2504 : 670 ; 45
2505 : 44 ; 670
2506 : 579 ; 800
2507 : 272 ; 579
2508 : 799 ; 976
2509 : 946 ; 449
2510 : 43 ; 443
2511 : 973 ; 164
2512 : 242 ; 440
2513 : 440 ; 986
2514 : 986 ; 242
2515 : 885 ; 242
2516 : 169 ; 937
2517 : 124 ; 359
2518 : 539 ; 866
2519 : 628 ; 539
2520 : 933 ; 118
2521 : 938 ; 933
2522 : 933 ; 987
2523 : 188 ; 555
2524 : 992 ; 533
2525 : 533 ; 536
2526 : 536 ; 992
2527 : 790 ; 660
2528 : 660 ; 219
2529 : 219 ; 790
2530 : 542 ; 260
2531 : 537 ; 260
2532 : 571 ; 35
2533 : 35 ; 572
2534 : 588 ; 35
2535 : 571 ; 588
2536 : 873 ; 462
2537 : 462 ; 959
2538 : 429 ; 677
2539 : 677 ; 598
2540 : 798 ; 282
2541 : 798 ; 779
2542 : 644 ; 505
2543 : 615 ; 315
2544 : 130 ; 906
2545 : 532 ; 906
2546 : 518 ; 634
2547 : 386 ; 868
2548 : 714 ; 386
2549 : 387 ; 714
2550 : 848 ; 298
2551 : 298 ; 614
2552 : 703 ; 477
2553 : 107 ; 589
2554 : 399 ; 929
2555 : 107 ; 399
2556 : 632 ; 470
2557 : 325 ; 632
2558 : 962 ; 993
2559 : 993 ; 36
2560 : 928 ; 589
2561 : 936 ; 932
2562 : 936 ; 921
2563 : 291 ; 641
2564 : 973 ; 291
2565 : 794 ; 709
2566 : 276 ; 372
2567 : 372 ; 786
2568 : 786 ; 276
2569 : 903 ; 949
2570 : 745 ; 227
2571 : 825 ; 618
2572 : 994 ; 995
2573 : 995 ; 520
2574 : 520 ; 994
2575 : 954 ; 551
2576 : 540 ; 954
2577 : 963 ; 129
2578 : 813 ; 850
2579 : 421 ; 813
2580 : 913 ; 988
2581 : 669 ; 913
2582 : 110 ; 152
2583 : 526 ; 815
2584 : 683 ; 526
2585 : 690 ; 100
2586 : 456 ; 89
2587 : 89 ; 562
2588 : 91 ; 909
2589 : 996 ; 997
2590 : 997 ; 665
2591 : 665 ; 996
2592 : 499 ; 997
2593 : 997 ; 382
2594 : 382 ; 499
2595 : 196 ; 159
2596 : 306 ; 196
2597 : 105 ; 533
2598 : 536 ; 791
2599 : 791 ; 992
2600 : 439 ; 700
2601 : 701 ; 439
2602 : 242 ; 884
2603 : 884 ; 229
2604 : 496 ; 710
2605 : 344 ; 604
2606 : 724 ; 157
2607 : 935 ; 768
2608 : 935 ; 290
2609 : 691 ; 935
2610 : 613 ; 206
2611 : 613 ; 383
2612 : 383 ; 206
2613 : 809 ; 692
2614 : 522 ; 193
2615 : 501 ; 522
2616 : 659 ; 67
2617 : 468 ; 964
2618 : 964 ; 33
2619 : 33 ; 468
2620 : 945 ; 527
2621 : 250 ; 945
2622 : 944 ; 250
2623 : 81 ; 859
2624 : 754 ; 961
2625 : 760 ; 96
2626 : 103 ; 820
2627 : 820 ; 30
2628 : 915 ; 539
2629 : 240 ; 915
2630 : 878 ; 539
2631 : 286 ; 892
2632 : 892 ; 755
2633 : 857 ; 967
2634 : 967 ; 795
2635 : 857 ; 985
2636 : 985 ; 927
2637 : 927 ; 857
2638 : 940 ; 222
2639 : 826 ; 940
2640 : 159 ; 930
2641 : 440 ; 701
2642 : 808 ; 913
2643 : 808 ; 911
2644 : 673 ; 395
2645 : 672 ; 673
2646 : 978 ; 652
2647 : 625 ; 936
2648 : 936 ; 955
2649 : 912 ; 847
2650 : 847 ; 988
2651 : 988 ; 912
2652 : 384 ; 439
2653 : 772 ; 356
2654 : 787 ; 428
2655 : 138 ; 983
2656 : 983 ; 329
2657 : 327 ; 865
2658 : 865 ; 328
2659 : 257 ; 875
2660 : 994 ; 82
2661 : 82 ; 965
2662 : 965 ; 994
2663 : 955 ; 994
2664 : 76 ; 771
2665 : 75 ; 771
2666 : 161 ; 221
2667 : 833 ; 232
2668 : 232 ; 832
2669 : 185 ; 585
2670 : 584 ; 185
2671 : 304 ; 910
2672 : 856 ; 613
2673 : 653 ; 978
2674 : 138 ; 655
2675 : 655 ; 139
2676 : 949 ; 222
2677 : 825 ; 0
2678 : 960 ; 980
2679 : 904 ; 960
2680 : 945 ; 816
2681 : 998 ; 24
2682 : 830 ; 998
2683 : 998 ; 513
2684 : 513 ; 25
2685 : 25 ; 998
2686 : 85 ; 796
2687 : 82 ; 520
2688 : 983 ; 140
2689 : 140 ; 982
2690 : 927 ; 984
2691 : 984 ; 140
2692 : 520 ; 540
2693 : 868 ; 603
2694 : 94 ; 869
2695 : 760 ; 503
2696 : 689 ; 974
2697 : 728 ; 908
2698 : 923 ; 807
2699 : 993 ; 928
2700 : 929 ; 993
2701 : 358 ; 878
2702 : 99 ; 21
2703 : 982 ; 984
2704 : 984 ; 42
2705 : 42 ; 982
2706 : 641 ; 973
2707 : 490 ; 641
2708 : 950 ; 505
2709 : 505 ; 367
2710 : 367 ; 950
2711 : 755 ; 778
2712 : 80 ; 135
2713 : 121 ; 674
2714 : 674 ; 137
2715 : 817 ; 168
2716 : 624 ; 564
2717 : 698 ; 11
2718 : 796 ; 911
2719 : 819 ; 18
2720 : 187 ; 788
2721 : 837 ; 249
2722 : 837 ; 278
2723 : 277 ; 837
2724 : 582 ; 777
2725 : 246 ; 910
2726 : 950 ; 892
2727 : 811 ; 560
2728 : 560 ; 981
2729 : 178 ; 975
2730 : 286 ; 893
2731 : 964 ; 660
2732 : 660 ; 717
2733 : 901 ; 513
2734 : 515 ; 901
2735 : 902 ; 515
2736 : 254 ; 453
2737 : 376 ; 864
2738 : 864 ; 285
2739 : 594 ; 147
2740 : 199 ; 814
2741 : 862 ; 918
2742 : 600 ; 942
2743 : 942 ; 151
2744 : 803 ; 209
2745 : 209 ; 989
2746 : 576 ; 209
2747 : 823 ; 457
2748 : 795 ; 135
2749 : 967 ; 135
2750 : 573 ; 177
2751 : 685 ; 153
2752 : 152 ; 685
2753 : 525 ; 493
2754 : 863 ; 508
2755 : 509 ; 863
2756 : 863 ; 864
2757 : 376 ; 863
2758 : 385 ; 959
2759 : 462 ; 874
2760 : 434 ; 751
2761 : 888 ; 434
2762 : 150 ; 298
2763 : 568 ; 611
2764 : 742 ; 568
2765 : 905 ; 882
2766 : 882 ; 432
2767 : 608 ; 884
2768 : 229 ; 608
2769 : 899 ; 503
2770 : 760 ; 899
2771 : 899 ; 637
2772 : 997 ; 500
2773 : 208 ; 997
2774 : 270 ; 675
2775 : 465 ; 715
2776 : 759 ; 465
2777 : 62 ; 8
2778 : 7 ; 447
2779 : 654 ; 7
2780 : 664 ; 499
2781 : 391 ; 460
2782 : 855 ; 391
2783 : 715 ; 68
2784 : 67 ; 715
2785 : 969 ; 592
2786 : 170 ; 898
2787 : 13 ; 934
2788 : 91 ; 38
2789 : 455 ; 548
2790 : 92 ; 455
2791 : 954 ; 995
2792 : 995 ; 955
2793 : 875 ; 720
2794 : 116 ; 824
2795 : 824 ; 88
2796 : 810 ; 88
2797 : 798 ; 946
2798 : 743 ; 851
2799 : 663 ; 851
2800 : 743 ; 663
2801 : 237 ; 999
2802 : 999 ; 849
2803 : 849 ; 237
2804 : 970 ; 30
2805 : 482 ; 547
2806 : 410 ; 232
2807 : 568 ; 709
2808 : 709 ; 127
2809 : 709 ; 742
2810 : 854 ; 508
2811 : 153 ; 686
2812 : 857 ; 472
2813 : 472 ; 985
2814 : 474 ; 985
2815 : 707 ; 216
2816 : 276 ; 723
2817 : 468 ; 658
2818 : 658 ; 964
2819 : 659 ; 468
2820 : 575 ; 210
2821 : 174 ; 152
2822 : 993 ; 174
2823 : 837 ; 939
2824 : 277 ; 249
2825 : 243 ; 502
2826 : 142 ; 612
2827 : 836 ; 981
2828 : 981 ; 811
2829 : 891 ; 818
2830 : 602 ; 307
2831 : 520 ; 954
2832 : 792 ; 717
2833 : 717 ; 790
2834 : 790 ; 992
2835 : 312 ; 283
2836 : 368 ; 312
2837 : 999 ; 47
2838 : 892 ; 778
2839 : 586 ; 171
2840 : 457 ; 562
2841 : 480 ; 830
2842 : 743 ; 51
2843 : 274 ; 687
2844 : 51 ; 929
2845 : 929 ; 398
2846 : 638 ; 469
2847 : 120 ; 202
2848 : 395 ; 120
2849 : 956 ; 899
2850 : 812 ; 64
2851 : 983 ; 327
2852 : 942 ; 425
2853 : 68 ; 220
2854 : 490 ; 731
2855 : 793 ; 709
2856 : 474 ; 450
2857 : 860 ; 961
2858 : 109 ; 969
2859 : 427 ; 976
2860 : 799 ; 427
2861 : 215 ; 578
2862 : 201 ; 611
2863 : 958 ; 673
2864 : 821 ; 860
2865 : 860 ; 536
2866 : 536 ; 821
2867 : 15 ; 694
2868 : 692 ; 15
2869 : 774 ; 364
2870 : 976 ; 596
2871 : 273 ; 976
2872 : 568 ; 682
2873 : 789 ; 886
2874 : 956 ; 466
2875 : 545 ; 277
2876 : 843 ; 212
2877 : 928 ; 962
2878 : 968 ; 747
2879 : 746 ; 896
2880 : 896 ; 910
2881 : 910 ; 746
2882 : 89 ; 810
2883 : 977 ; 301
2884 : 389 ; 544
2885 : 389 ; 277
2886 : 545 ; 389
2887 : 992 ; 534
2888 : 73 ; 947
2889 : 72 ; 947
2890 : 375 ; 820
2891 : 972 ; 820
2892 : 429 ; 775
2893 : 671 ; 429
2894 : 879 ; 383
2895 : 464 ; 279
2896 : 111 ; 572
2897 : 111 ; 570
2898 : 917 ; 702
2899 : 94 ; 924
2900 : 975 ; 94
2901 : 548 ; 481
2902 : 836 ; 116
2903 : 116 ; 804
2904 : 492 ; 772
2905 : 860 ; 971
2906 : 972 ; 821
2907 : 586 ; 30
2908 : 575 ; 348
2909 : 211 ; 575
2910 : 791 ; 489
2911 : 489 ; 792
2912 : 875 ; 842
2913 : 315 ; 613
2914 : 149 ; 424
2915 : 622 ; 280
2916 : 716 ; 219
2917 : 380 ; 501
2918 : 380 ; 193
2919 : 522 ; 380
2920 : 244 ; 408
2921 : 980 ; 244
2922 : 880 ; 917
2923 : 744 ; 0
2924 : 785 ; 178
2925 : 785 ; 94
2926 : 975 ; 785
2927 : 992 ; 219
2928 : 716 ; 992
2929 : 821 ; 971
2930 : 966 ; 939
2931 : 569 ; 126
2932 : 772 ; 428
2933 : 428 ; 356
2934 : 987 ; 239
2935 : 239 ; 921
2936 : 374 ; 310
2937 : 121 ; 651
2938 : 865 ; 699
2939 : 989 ; 570
2940 : 382 ; 996
2941 : 977 ; 354
2942 : 734 ; 404
2943 : 838 ; 438
2944 : 152 ; 573
2945 : 39 ; 951
2946 : 547 ; 410
2947 : 179 ; 285
2948 : 633 ; 696
2949 : 949 ; 607
2950 : 341 ; 599
2951 : 948 ; 72
2952 : 381 ; 227
2953 : 674 ; 958
2954 : 435 ; 905
2955 : 624 ; 894
2956 : 830 ; 513
2957 : 212 ; 523
2958 : 968 ; 746
