427 976
799 427
215 578
201 611
958 673
821 860
860 536
536 821
15 694
692 15
774 364
976 596
273 976
568 682
789 886
956 466
545 277
843 212
928 962
968 747
746 896
896 910
910 746
89 810
977 301
389 544
389 277
545 389
992 534
73 947
72 947
375 820
972 820
429 775
671 429
879 383
464 279
111 572
111 570
917 702
94 924
975 94
548 481
836 116
116 804
492 772
860 971
972 821
586 30
575 348
211 575
791 489
489 792
875 842
315 613
149 424
622 280
716 219
380 501
380 193
522 380
244 408
980 244
880 917
744 0
785 178
785 94
975 785
992 219
716 992
821 971
966 939
569 126
772 428
428 356
987 239
239 921
374 310
121 651
865 699
989 570
382 996
977 354
734 404
838 438
152 573
39 951
547 410
179 285
633 696
949 607
341 599
948 72
381 227
674 958
435 905
624 894
830 513
212 523
968 746
